# FIELD MAP


debugMode = true



LOAD_SCRIPT={
	@std_BgmChange("054_かろうじて人類が住んでいる地")
}




EVENT={
	# cloneToRim = 6,17

	6,17 = @std_ChangeMapNoSound("M001", "32", "30", "SOUTH", "M001")
	
}


MINIMAP_LABEL={

}


BACK_LAYER={
}


NOMAL_LAYER={ #0
	chipSet= data/field/chipset/Outer16.txt
	drawSize=1f
	
	DATA==
010000,010000,010000,010000,010000,010000,010000,010000,010000,010000,010000,010000,010000,010000,010000,010000,010000,010000
010000,010000,010000,010000,010000,010000,010000,010000,010000,010000,010000,010000,010000,010000,010000,010000,010000,010000
010000,010000,010000,010000,010000,010000,010000,010000,010000,010000,010000,010000,010000,010000,010000,010000,010000,010000
010000,010000,035009,035010,010000,010000,010000,010000,010000,010000,010000,010000,010000,010000,010000,010000,010000,010000
010000,010000,036009,036010,010000,010000,010000,010000,010000,010000,010000,010000,010000,010000,010000,010000,010000,010000
010000,010000,010000,010000,010000,010000,010000,010000,010000,010000,010000,010000,010000,010000,010000,010000,010000,010000
010000,010000,010000,010000,010000,010000,010000,010000,010000,010000,010000,010000,010000,010000,010000,010000,010000,010000
010000,010000,010000,010000,010000,010000,039010,039012,039010,039012,039010,010000,010000,010000,010000,010000,010000,010000
010000,010000,010000,010000,010000,010000,039012,039012,039012,039010,039010,010000,010000,010000,010000,010000,010000,010000
010000,010000,010000,010000,010000,010000,040009,040010,040011,040012,040013,010000,010000,010000,035009,035010,010000,010000
010000,010000,010000,010000,010000,010000,041009,041010,041011,041012,041013,010000,010000,010000,036009,036010,010000,010000
010000,010000,010000,010000,010000,010000,042009,042011,042010,042012,042013,010000,010000,010000,010000,010000,010000,010000
010000,035009,035010,035009,035010,010000,023004,023005,023006,010000,010000,010000,010000,010000,010000,010000,010000,010000
010000,036009,036010,036009,036010,010000,023004,023005,023006,010000,010000,010000,010000,035009,035010,010000,010000,010000
010000,010000,010000,010000,010000,010000,023004,023005,023006,010000,010000,010000,010000,036009,036010,010000,010000,010000
010000,010000,010000,010000,010000,010000,022000,023005,023006,010000,010000,010000,010000,010000,010000,010000,010000,010000
010000,010000,010000,010000,010000,023004,023005,023005,023006,010000,010000,010000,010000,010000,010000,010000,010000,010000
010000,010000,010000,010000,010000,023004,023005,023001,010000,010000,010000,010000,010000,010000,010000,010000,010000,010000
	==
}
NOMAL_LAYER={ #1
	chipSet= data/field/chipset/Outer16.txt
	drawSize=1f

	above = true

	DATA==
000014,000014,000014,000014,000014,000014,000014,000014,000014,000014,000014,000014,000014,000014,000014,000014,000014,000014
000014,000014,000014,000014,000014,000014,000014,000014,000014,000014,000014,000014,000014,000014,000014,000014,000014,000014
000014,000014,000014,000014,000014,000014,000014,000014,000014,000014,000014,000014,000014,000014,000014,000014,000014,000014
000014,000014,000014,000014,000014,000014,000014,000014,000014,000014,000014,000014,000014,000014,000014,000014,000014,000014
000014,000014,000014,000014,000014,000014,000014,000014,000014,000014,000014,000014,000014,000014,000014,000014,000014,000014
000014,000014,000014,000014,000014,000014,038009,038010,038011,038012,038013,000014,000014,000014,000014,000014,000014,000014
000014,000014,000014,000014,000014,000014,039009,039010,039011,039012,039013,000014,000014,000014,000014,000014,000014,000014
000014,000014,000014,000014,000014,000014,039010,000014,000014,000014,039010,000014,000014,000014,000014,000014,000014,000014
000014,000014,000014,000014,000014,000014,039010,000014,000014,000014,039010,000014,000014,000014,000014,000014,000014,000014
000014,000014,000014,000014,000014,000014,039010,000014,000014,000014,039010,000014,000014,000014,000014,000014,000014,000014
000014,000014,000014,000014,000014,000014,041009,000014,000014,000014,041013,000014,000014,000014,000014,000014,000014,000014
000014,000014,000014,000014,000014,000014,000014,000014,000014,000014,000014,000014,000014,000014,000014,000014,000014,000014
000014,000014,000014,000014,000014,000014,000014,000014,000014,000014,000014,000014,000014,000014,000014,000014,000014,000014
000014,000014,000014,000014,000014,000014,000014,000014,000014,000014,000014,000014,000014,000014,000014,000014,000014,000014
000014,000014,000014,000014,000014,000014,000014,000014,000014,000014,000014,000014,000014,000014,000014,000014,000014,000014
000014,000014,000014,000014,000014,000014,000014,000014,000014,000014,000014,000014,000014,000014,000014,000014,000014,000014
000014,000014,000014,000014,000014,000014,000014,000014,000014,000014,000014,000014,000014,000014,000014,000014,000014,000014
000014,000014,000014,000014,000014,000014,000014,000014,000014,000014,000014,000014,000014,000014,000014,000014,000014,000014
	==
}

#ANIMATION_LAYER={ #0
#	idx = 26,23
#	image = resource/hoge.png
#	cutW = 16
# 	cutH = 16
#	frame = 16,24
#	drawSize=1f
#}

#ANIMATION_LAYER={ #1
#	idx = 26,23
#	image = resource/hoge.png
#	cutW = 16
# 	cutH = 16
#	frame = 16,24
#	drawSize=1f
#}


FRONT_LAYER={
	image = data/field/chipset/cloudeffect.png
	drawSize = 2f
	angle = 135f
	speed = 0.25f
	tp = 0.1f
}